480
979
499
397
54
371
285
166
634
636
43
96
642
312
955
794
99
727
957
382
390
316
886
686
641
683
11
750
491
46
92
274
874
401
65
209
744
194
49
146
962
69
656
534
155
630
32
831
569
96
140
743
159
182
841
916
283
288
630
611
792
208
14
26
62
502
99
426
489
265
981
277
248
246
507
612
606
710
777
532
430
995
867
66
411
491
849
589
30
513
259
507
332
712
887
462
750
129
856
8
602
375
433
621
650
721
435
465
708
608
604
770
722
873
985
158
451
293
580
344
154
127
713
111
661
326
134
343
241
564
81
612
75
438
935
92
626
477
537
461
84
35
337
31
246
146
671
987
264
290
653
365
831
634
137
717
781
169
748
812
134
125
846
285
653
412
884
682
231
73
469
361
645
57
210
814
704
502
588
450
48
308
18
148
998
578
930
784
674
251
664
253
167
333
174
540
526
218
91
853
889
502
374
620
681
624
92
924
97
597
193
674
989
288
804
966
261
702
517
765
774
698
227
131
139
748
185
47
336
592
2
223
551
28
957
854
535
41
266
715
258
590
197
643
717
761
314
170
221
488
346
742
496
759
885
453
682
130
721
176
937
622
241
647
771
115
409
143
927
964
649
618
385
378
105
574
546
678
724
424
151
454
888
490
704
266
29
307
28
743
411
454
403
51
537
294
236
498
483
728
97
937
572
841
976
825
445
842
538
806
852
169
81
553
640
714
710
706
155
557
473
586
914
106
21
976
562
410
394
187
419
8
197
623
233
441
893
603
1000
751
975
34
688
924
949
9
353
45
274
153
705
148
913
700
675
51
527
614
859
22
597
388
16
616
899
40
8
481
66
816
346
302
48
675
328
753
985
549
572
43
676
333
756
567
844
557
633
833
872
298
380
231
494
46
794
39
19
322
682
337
21
71
548
422
701
86
813
33
255
638
632
732
108
327
495
79
826
901
514
229
458
951
719
455
331
376
602
765
125
494
911
233
888
249
998
663
94
518
822
683
190
477
358
993
746
31
280
562
252
444
70
173
436
916
105
349
189
564
776
442
1
932
990
402
90
430
808
345
67
873
909
167
518
232
366
473
679
301
415
370
112
169
311
532
102
352
949
721
981
832
211
111
112
595
160
388
651
966
648
413
676
105
799
565
335
111
527
677
281
808
773
7
999
798
570
863
809
308
297
852
449
70
292
43
672
869
764
813
963
177
217
506
961
356
94
662
569
524
505
571
841
809
938
215
802
17
137
120
515
720
837
101
938
972
427
134
810
488
555
79
714
422
697
193
410
587
338
625
212
918
989
53
864
753
365
284
543
787
860
486
701
108
130
908
393
203
582
281
407
773
693
129
960
727
601
201
728
877
411
167
856
172
691
947
836
133
383
118
776
803
611
537
63
880
216
258
53
162
448
3
789
932
745
291
53
690
392
490
297
196
903
775
693
439
810
235
159
872
31
859
420
499
285
10
978
27
934
910
525
755
39
516
734
828
919
830
481
344
862
876
22
862
745
249
979
143
875
135
984
473
454
269
762
273
802
408
36
966
837
704
715
620
92
965
1
375
296
161
260
760
829
176
720
85
575
469
570
907
902
486
678
559
435
348
852
566
571
555
582
930
348
25
430
134
670
189
30
139
900
477
543
676
362
829
421
654
138
860
387
93
930
593
59
875
703
942
641
786
328
276
105
804
68
336
6
177
326
420
12
41
858
976
544
170
792
507
911
252
585
853
948
99
559
151
622
285
322
445
145
77
528
322
844
295
700
877
379
365
635
123
53
657
475
244
81
756
237
275
116
446
708
264
142
526
342
88
383
773
67
560
444
87
724
69
254
298
893
432
317
585
966
384
776
379
462
105
264
680
377
123
718
619
245
150
386
246
695
957
270
443
587
536
986
199
419
894
9
988
167
402
956
391
942
526
949
254
404
461
111
462
845
510
380
812
266
182
463
331
985
308
195
750
401
931
283
534
910
564
924
734
449
658
960
909
212
490
860
147
293
298
164
592
601
513
678
186
19
504
756
125
373
784
286
271
206
83
679
716
52
7
639
488
308
689
897
468
216
222
477
115
760
608
801
60
92
214
940
714
161
645
947
243
810
790
351
470
873
944
654
873
422
152
634
554
951
525
631
900
417
521
984
260
614
693
301
364
327
316
406
567
755
372
83
966
505
360
718
395
843
705
449
333
156
13
445
891
531
976
90
772
1000
187
14
342
766
707
936
966
801
220
68
727
203
837
44
150
458
221
92
982
803
406
438
463
645
377
520
277
303
162
