1, 2 
1, 6 
1, 13 
1, 21 
1, 29 
1, 37 
1, 49 
1, 63 
1, 79 
1, 89 
1, 111 
1, 122 
1, 132 
1, 146 
1, 163 
1, 177 
1, 187 
1, 202 
1, 218 
1, 230 
1, 258 
1, 277 
1, 301 
1, 312 
1, 326 
1, 337 
1, 351 
1, 366 
1, 380 
1, 392 
1, 405 
1, 421 
1, 438 
1, 457 
1, 471 
1, 497 
1, 509 
1, 524 
1, 554 
1, 569 
1, 585 
1, 598 
1, 611 
1, 628 
1, 639 
1, 653 
1, 665 
1, 680 
1, 692 
1, 709 
1, 720 
1, 735 
1, 748 
1, 764 
1, 782 
1, 801 
1, 815 
1, 842 
1, 861 
1, 877 
1, 891 
1, 923 
1, 939 
1, 956 
1, 973 
1, 987 
1, 999 
1, 1034 
1, 1049 
1, 1063 
1, 1078 
1, 1093 
1, 1119 
1, 1131 
1, 1147 
1, 1159 
1, 1176 
1, 1193 
1, 1212 
1, 1232 
1, 1245 
1, 1259 
1, 1272 
1, 1288 
1, 1307 
1, 1321 
1, 1351 
1, 1366 
1, 1381 
1, 1418 
1, 1440 
1, 1455 
1, 1472 
1, 1490 
1, 1518 
1, 1535 
1, 1549 
1, 1565 
1, 1579 
1, 1595 
2, 2 
2, 7 
2, 13 
2, 21 
2, 30 
2, 39 
2, 50 
2, 58 
2, 71 
2, 81 
2, 97 
2, 111 
2, 123 
2, 135 
2, 149 
2, 161 
2, 174 
2, 197 
2, 209 
2, 224 
2, 240 
2, 255 
2, 267 
2, 283 
2, 295 
2, 309 
2, 322 
2, 339 
2, 352 
2, 368 
2, 386 
2, 410 
2, 425 
2, 439 
2, 450 
2, 472 
2, 485 
2, 514 
2, 526 
2, 545 
2, 558 
2, 573 
2, 586 
2, 602 
2, 616 
2, 633 
2, 650 
2, 665 
2, 677 
2, 690 
2, 702 
2, 718 
2, 733 
2, 745 
2, 764 
2, 778 
2, 807 
2, 827 
2, 852 
2, 872 
2, 906 
2, 918 
2, 931 
2, 944 
2, 959 
2, 975 
2, 990 
2, 1005 
2, 1021 
2, 1035 
2, 1051 
2, 1067 
2, 1088 
2, 1104 
2, 1137 
2, 1153 
2, 1172 
2, 1187 
2, 1205 
2, 1227 
2, 1242 
2, 1254 
2, 1272 
2, 1284 
2, 1304 
2, 1330 
2, 1349 
2, 1362 
2, 1378 
2, 1391 
2, 1405 
2, 1421 
2, 1434 
2, 1446 
2, 1481 
2, 1497 
2, 1518 
2, 1535 
2, 1549 
2, 1564 
3, 2 
3, 6 
3, 12 
3, 21 
3, 29 
3, 38 
3, 50 
3, 65 
3, 76 
3, 93 
3, 112 
3, 125 
3, 136 
3, 152 
3, 164 
3, 181 
3, 206 
3, 216 
3, 231 
3, 245 
3, 258 
3, 276 
3, 287 
3, 301 
3, 312 
3, 327 
3, 345 
3, 358 
3, 371 
3, 384 
3, 412 
3, 431 
3, 442 
3, 455 
3, 482 
3, 513 
3, 527 
3, 542 
3, 553 
3, 565 
3, 579 
3, 594 
3, 609 
3, 625 
3, 640 
3, 655 
3, 672 
3, 687 
3, 701 
3, 717 
3, 734 
3, 752 
3, 766 
3, 786 
3, 804 
3, 824 
3, 837 
3, 860 
3, 894 
3, 910 
3, 938 
3, 953 
3, 968 
3, 983 
3, 999 
3, 1013 
3, 1027 
3, 1043 
3, 1059 
3, 1076 
3, 1093 
3, 1114 
3, 1128 
3, 1143 
3, 1170 
3, 1186 
3, 1203 
3, 1216 
3, 1233 
3, 1249 
3, 1268 
3, 1283 
3, 1297 
3, 1313 
3, 1326 
3, 1341 
3, 1353 
3, 1367 
3, 1400 
3, 1438 
3, 1453 
3, 1475 
3, 1488 
3, 1516 
3, 1530 
3, 1547 
3, 1568 
3, 1586 
3, 1600 
3, 1618 
4, 2 
4, 6 
4, 13 
4, 22 
4, 31 
4, 39 
4, 51 
4, 62 
4, 76 
4, 91 
4, 108 
4, 121 
4, 131 
4, 145 
4, 159 
4, 171 
4, 188 
4, 201 
4, 211 
4, 238 
4, 250 
4, 266 
4, 279 
4, 296 
4, 316 
4, 330 
4, 346 
4, 360 
4, 379 
4, 404 
4, 416 
4, 429 
4, 440 
4, 452 
4, 468 
4, 483 
4, 514 
4, 527 
4, 544 
4, 559 
4, 574 
4, 588 
4, 604 
4, 618 
4, 634 
4, 657 
4, 670 
4, 699 
4, 714 
4, 729 
4, 745 
4, 760 
4, 772 
4, 790 
4, 808 
4, 826 
4, 838 
4, 852 
4, 866 
4, 880 
4, 896 
4, 915 
4, 932 
4, 952 
4, 986 
4, 1001 
4, 1014 
4, 1034 
4, 1069 
4, 1084 
4, 1109 
4, 1142 
4, 1162 
4, 1174 
4, 1186 
4, 1199 
4, 1213 
4, 1228 
4, 1241 
4, 1260 
4, 1276 
4, 1292 
4, 1308 
4, 1328 
4, 1341 
4, 1379 
4, 1395 
4, 1413 
4, 1427 
4, 1443 
4, 1456 
4, 1474 
4, 1507 
4, 1526 
4, 1540 
4, 1554 
4, 1571 
4, 1587 
4, 1600 
4, 1617 
5, 2 
5, 7 
5, 13 
5, 20 
5, 28 
5, 40 
5, 48 
5, 63 
5, 74 
5, 90 
5, 113 
5, 126 
5, 139 
5, 152 
5, 164 
5, 176 
5, 187 
5, 205 
5, 222 
5, 242 
5, 255 
5, 274 
5, 287 
5, 315 
5, 329 
5, 340 
5, 354 
5, 369 
5, 382 
5, 398 
5, 413 
5, 433 
5, 447 
5, 474 
5, 485 
5, 496 
5, 511 
5, 526 
5, 544 
5, 560 
5, 587 
5, 602 
5, 618 
5, 631 
5, 646 
5, 662 
5, 676 
5, 688 
5, 701 
5, 734 
5, 747 
5, 758 
5, 771 
5, 788 
5, 804 
5, 821 
5, 837 
5, 870 
5, 886 
5, 898 
5, 914 
5, 926 
5, 938 
5, 951 
5, 970 
5, 984 
5, 1003 
5, 1021 
5, 1040 
5, 1060 
5, 1077 
5, 1089 
5, 1117 
5, 1130 
5, 1144 
5, 1175 
5, 1203 
5, 1219 
5, 1234 
5, 1248 
5, 1265 
5, 1280 
5, 1295 
5, 1317 
5, 1335 
5, 1372 
5, 1393 
5, 1410 
5, 1429 
5, 1448 
5, 1462 
5, 1482 
5, 1517 
5, 1535 
5, 1549 
5, 1566 
5, 1581 
5, 1598 
5, 1617 
5, 1650 
6, 2 
6, 6 
6, 12 
6, 19 
6, 28 
6, 36 
6, 45 
6, 60 
6, 73 
6, 84 
6, 108 
6, 118 
6, 132 
6, 144 
6, 158 
6, 169 
6, 179 
6, 195 
6, 213 
6, 239 
6, 251 
6, 264 
6, 278 
6, 295 
6, 310 
6, 324 
6, 334 
6, 361 
6, 373 
6, 386 
6, 399 
6, 415 
6, 433 
6, 463 
6, 480 
6, 500 
6, 512 
6, 543 
6, 555 
6, 567 
6, 580 
6, 592 
6, 610 
6, 630 
6, 650 
6, 665 
6, 681 
6, 697 
6, 711 
6, 724 
6, 754 
6, 769 
6, 789 
6, 807 
6, 820 
6, 832 
6, 845 
6, 878 
6, 894 
6, 906 
6, 918 
6, 933 
6, 949 
6, 966 
6, 980 
6, 996 
6, 1010 
6, 1025 
6, 1041 
6, 1060 
6, 1091 
6, 1108 
6, 1142 
6, 1162 
6, 1174 
6, 1187 
6, 1202 
6, 1216 
6, 1243 
6, 1256 
6, 1272 
6, 1289 
6, 1306 
6, 1321 
6, 1337 
6, 1352 
6, 1372 
6, 1410 
6, 1424 
6, 1439 
6, 1458 
6, 1473 
6, 1489 
6, 1510 
6, 1527 
6, 1543 
6, 1558 
6, 1574 
6, 1595 
6, 1611 
7, 2 
7, 7 
7, 13 
7, 20 
7, 28 
7, 39 
7, 51 
7, 64 
7, 77 
7, 92 
7, 116 
7, 130 
7, 143 
7, 154 
7, 164 
7, 175 
7, 185 
7, 198 
7, 211 
7, 229 
7, 256 
7, 270 
7, 285 
7, 302 
7, 326 
7, 337 
7, 349 
7, 360 
7, 375 
7, 386 
7, 405 
7, 425 
7, 454 
7, 469 
7, 485 
7, 504 
7, 517 
7, 530 
7, 546 
7, 560 
7, 593 
7, 605 
7, 620 
7, 632 
7, 661 
7, 675 
7, 690 
7, 706 
7, 718 
7, 732 
7, 748 
7, 763 
7, 779 
7, 794 
7, 810 
7, 826 
7, 841 
7, 857 
7, 888 
7, 904 
7, 919 
7, 938 
7, 957 
7, 970 
7, 990 
7, 1006 
7, 1022 
7, 1038 
7, 1053 
7, 1073 
7, 1088 
7, 1102 
7, 1123 
7, 1154 
7, 1170 
7, 1182 
7, 1219 
7, 1233 
7, 1249 
7, 1265 
7, 1281 
7, 1295 
7, 1312 
7, 1333 
7, 1355 
7, 1373 
7, 1410 
7, 1427 
7, 1467 
7, 1485 
7, 1503 
7, 1519 
7, 1536 
7, 1552 
7, 1569 
7, 1586 
7, 1607 
7, 1621 
7, 1643 
7, 1658 
8, 2 
8, 6 
8, 12 
8, 21 
8, 30 
8, 38 
8, 51 
8, 62 
8, 73 
8, 88 
8, 104 
8, 114 
8, 127 
8, 141 
8, 154 
8, 168 
8, 181 
8, 193 
8, 209 
8, 226 
8, 239 
8, 259 
8, 270 
8, 286 
8, 303 
8, 330 
8, 344 
8, 358 
8, 381 
8, 395 
8, 409 
8, 424 
8, 436 
8, 448 
8, 464 
8, 480 
8, 491 
8, 504 
8, 518 
8, 533 
8, 548 
8, 567 
8, 585 
8, 612 
8, 624 
8, 658 
8, 670 
8, 685 
8, 700 
8, 714 
8, 729 
8, 742 
8, 756 
8, 772 
8, 788 
8, 803 
8, 819 
8, 830 
8, 845 
8, 879 
8, 894 
8, 911 
8, 928 
8, 943 
8, 959 
8, 974 
8, 1004 
8, 1019 
8, 1032 
8, 1046 
8, 1058 
8, 1079 
8, 1107 
8, 1120 
8, 1141 
8, 1172 
8, 1185 
8, 1198 
8, 1214 
8, 1234 
8, 1247 
8, 1263 
8, 1277 
8, 1291 
8, 1304 
8, 1317 
8, 1334 
8, 1350 
8, 1365 
8, 1381 
8, 1400 
8, 1445 
8, 1480 
8, 1493 
8, 1514 
8, 1546 
8, 1562 
8, 1575 
8, 1592 
8, 1623 
9, 2 
9, 6 
9, 12 
9, 21 
9, 31 
9, 42 
9, 51 
9, 66 
9, 79 
9, 94 
9, 113 
9, 126 
9, 137 
9, 149 
9, 159 
9, 171 
9, 183 
9, 193 
9, 205 
9, 220 
9, 246 
9, 259 
9, 270 
9, 285 
9, 299 
9, 320 
9, 335 
9, 347 
9, 358 
9, 374 
9, 391 
9, 403 
9, 420 
9, 435 
9, 451 
9, 470 
9, 486 
9, 499 
9, 512 
9, 526 
9, 555 
9, 583 
9, 604 
9, 627 
9, 639 
9, 652 
9, 665 
9, 680 
9, 693 
9, 709 
9, 722 
9, 737 
9, 751 
9, 764 
9, 776 
9, 793 
9, 807 
9, 820 
9, 839 
9, 857 
9, 870 
9, 882 
9, 896 
9, 915 
9, 941 
9, 962 
9, 978 
9, 994 
9, 1010 
9, 1022 
9, 1048 
9, 1061 
9, 1079 
9, 1093 
9, 1110 
9, 1125 
9, 1140 
9, 1159 
9, 1175 
9, 1187 
9, 1204 
9, 1219 
9, 1233 
9, 1251 
9, 1268 
9, 1289 
9, 1323 
9, 1337 
9, 1351 
9, 1367 
9, 1383 
9, 1402 
9, 1432 
9, 1474 
9, 1500 
9, 1517 
9, 1535 
9, 1564 
9, 1581 
9, 1596 
10, 2 
10, 6 
10, 12 
10, 19 
10, 28 
10, 39 
10, 49 
10, 60 
10, 74 
10, 91 
10, 108 
10, 119 
10, 130 
10, 141 
10, 154 
10, 170 
10, 187 
10, 197 
10, 215 
10, 230 
10, 241 
10, 254 
10, 267 
10, 281 
10, 295 
10, 314 
10, 329 
10, 342 
10, 367 
10, 387 
10, 409 
10, 421 
10, 436 
10, 447 
10, 461 
10, 477 
10, 491 
10, 510 
10, 522 
10, 537 
10, 552 
10, 567 
10, 582 
10, 593 
10, 620 
10, 636 
10, 649 
10, 661 
10, 676 
10, 703 
10, 718 
10, 732 
10, 752 
10, 781 
10, 793 
10, 812 
10, 825 
10, 837 
10, 853 
10, 867 
10, 880 
10, 895 
10, 922 
10, 951 
10, 967 
10, 983 
10, 996 
10, 1011 
10, 1024 
10, 1040 
10, 1056 
10, 1092 
10, 1105 
10, 1124 
10, 1140 
10, 1159 
10, 1174 
10, 1186 
10, 1205 
10, 1221 
10, 1234 
10, 1254 
10, 1272 
10, 1289 
10, 1300 
10, 1315 
10, 1336 
10, 1349 
10, 1363 
10, 1379 
10, 1394 
10, 1410 
10, 1423 
10, 1436 
10, 1457 
10, 1477 
10, 1514 
10, 1534 
10, 1552 
10, 1569 
