2 
6 
14 
20 
31 
38 
53 
61 
74 
83 
102 
111 
125 
135 
157 
167 
182 
193 
213 
224 
240 
252 
277 
288 
304 
316 
337 
349 
366 
379 
408 
420 
437 
450 
472 
485 
503 
518 
545 
558 
576 
590 
613 
627 
646 
661 
693 
706 
724 
738 
761 
775 
794 
810 
838 
852 
871 
886 
910 
925 
945 
961 
997 
1012 
1031 
1046 
1070 
1085 
1105 
1121 
1150 
1165 
1185 
1201 
1226 
1242 
1263 
1280 
1314 
1329 
1349 
1365 
1390 
1406 
1427 
1444 
1474 
1490 
1511 
1528 
1554 
1571 
1593 
1611 
1650 
1665 
1685 
1701 
1726 
1742 
